[1001.34492928 1040.42003624 1051.94512674 1031.09501155 1052.72013496
  939.47021724  840.67028305  821.5951761   842.14519255  831.94545583
  828.47054633  855.47054633  907.22029951  915.22029951  885.22029951
  871.97005269  926.72013496  933.21997042  918.34492928  907.9697236
  827.71947678 1010.46955905  957.46955905 1012.46955905  954.46955905
  849.71848951  864.96873632  779.96873632  861.76932869  860.76932869
  844.76932869  890.76932869  896.76932869  832.76932869  886.76932869
  722.44265855  870.81885151  838.94315219  854.94315219  859.94315219
  789.94315219  844.94315219  819.94315219  794.94315219  804.94315219
  849.94315219  801.94315219  844.94315219  934.91987169  953.59484701
  901.36919705  902.31934514  940.59484701  749.99366228  858.21964133
  708.31802878  859.09468246  891.39412301  891.39412301  904.39412301
  961.39412301  932.39412301 1098.39412301 1098.39412301 1119.39412301
 1110.39412301 1211.39412301 1211.39412301 1065.66732123 1070.71717314
 1056.21766678 1054.11730478 1052.29211555 1059.3672225  1060.09237882
 1065.51743641 1061.81720605 1100.94216491 1043.691589   1011.691589
  987.96643269  974.51644914  959.46626814  940.46593905 1026.21635041
 1033.99168773 1258.89165482  831.46692632  816.59188519  829.96709087
  882.1668276   827.69125991  752.46593905  783.41608714  742.66600487
  748.29112828  728.591227    780.96709087  724.69257628  702.59254337
  707.59254337  707.59254337  652.59254337  622.59254337  692.59254337
  712.59254337  702.59254337  672.59254337  672.59254337  707.36820978
  819.84410655  850.84410655  839.84410655  890.84410655  917.84410655
  905.84410655  907.84410655  917.84410655  939.84410655  918.84410655
  939.84410655  939.84410655  938.84410655  866.84410655  918.84410655
  849.84410655  839.84410655  849.84410655  839.84410655 1069.21766678
 1074.99267501 1024.99267501 1034.99267501 1009.24259273  992.3675516
 1067.49349773 1076.21832496 1070.96807814 1086.99333319  990.49251046
 1070.76801232 1039.91789714 1032.91789714  925.91789714  965.91789714
  965.91789714  965.91789714  965.91789714  965.91789714 1106.96939451
 1083.71914769 1044.96873632  867.39412301  862.01891732  865.21931223
  868.29441919  868.96939451  891.09435337  867.9697236   820.47021724
  839.47021724  844.19570265  813.44529128  840.21964133  833.21964133
  837.76965778  917.46955905  941.21997042  874.21931223  901.96939451
  902.46955905  946.9697236   905.96906542  943.84443564  953.31967424
  943.22029951  893.99530774  915.76965778  906.19471537  916.19471537
  904.82016787  889.72046405  840.49514319  882.2206286   869.09566974
  833.72079315  865.67094124  893.72079315  900.2708096   861.92250442
  892.34756201  853.44759492  843.07238924  869.32230697  878.32230697
  885.49744683  813.9966241   890.7224386   852.02187915  810.9966241
  738.74637728  810.14650892  819.72145133  887.47120451  895.22128678
 1026.22161587 1026.22161587 1016.22161587 1008.4715336  1008.4715336
  938.72079315  948.72079315  977.47120451  991.47120451 1056.47054633
 1020.47054633 1052.59550519  986.74407364 1152.89593301 1097.19504446
 1220.42102351 1236.47087542  988.74604819 1032.74604819 1032.74604819
 1072.74604819 1072.74604819 1272.74604819 1272.74604819 1272.74604819
 1512.74604819 1512.74604819 1257.74604819  795.44430401  809.61944387
  827.54433692  838.29441919  837.8191806   825.69422173  813.51941096
  833.91921351  857.69422173  873.19405719  864.09402428  838.04417237
  838.2940901   835.96906542  830.09402428  804.34361292  820.96873632
  913.49349773  855.1937281   964.46857178  767.61812751  793.3944521
  745.96873632  735.79359646  741.46857178  695.21832496  618.39313573
  573.64568619  621.97103996  706.22161587  719.47186269  717.47186269
  729.47186269  729.47186269  729.47186269  729.47186269  727.47186269
  727.47186269  694.44660765  690.44660765  685.74604819  676.72079315
  708.72079315  690.32033242  677.97038178  609.97038178  609.97038178
  682.82082605  679.72079315  728.72079315  706.2206286   703.2206286
  688.47120451  757.47120451  773.47120451  773.47120451  721.97103996
  771.97103996  705.97038178  752.22095769  737.47120451  764.22161587
  743.97202724  800.7224386   844.7224386   847.17242215  838.7224386
  813.7224386   853.39905938  909.39905938  866.39905938  848.39905938
  841.97367269  844.97367269  845.97367269  969.97367269  969.97367269
  989.97367269  939.97367269  925.89724937  924.02220824  923.54729874
  922.34756201  940.7224386   931.52270188  934.67258669  934.54762783
  924.39774301  912.97268542  961.8228006   984.42266897  980.64733165
  914.92217533  783.59715065  792.97202724  787.84706837  758.5718956
  742.49678865  897.37182978  933.44693674  778.72079315  818.72079315
  896.59616337  884.47120451  848.24621274  820.14650892  717.47120451
  560.19438628  698.47021724  756.21997042  708.21997042  731.47021724
  743.09534064  771.21997042  771.21997042  786.72013496  786.72013496
  786.72013496  786.72013496  886.69520901  876.32000333  820.89428755
  854.54466601  826.66929578  853.66929578  832.66929578  818.66962487
  930.46955905  772.46955905  787.46955905  787.46955905  771.19438628
  771.19438628  749.19438628  776.19438628  620.71816041  705.96873632
  705.96873632  643.96807814  674.54302055  688.71816041  714.21832496
  730.11829205  750.4679136   769.26784778  756.04285601  793.46824269
  831.44331673  822.89297119  750.19274082  559.96709087  679.96709087
  626.71684405  647.71684405  647.71684405  647.71684405  647.71684405
  636.71684405  594.71684405  594.71684405  594.71684405  594.71684405
  643.26653141  622.06679469  630.842132    628.19208264  646.54203328
  592.66666305  610.61681114  567.49152319  610.31671241  577.46626814
  590.21635041  584.09139155  649.09139155  614.09139155  643.96676178
  646.96676178  639.96676178  617.71717314  667.71750223  686.71750223
  628.71750223  693.0933661   670.96840723  677.36820978  637.39346482
  644.94348128  659.91855532  655.84344837  637.29343192  654.84344837
  647.06844014  630.96840723  620.11796296  528.56728832  576.46758451
  571.46758451  613.16781487  653.46824269  659.6184566   697.91855532
  685.51842369  698.51842369  653.51842369  663.64371164  638.89330028
  707.41839078  743.69356355  850.16847305  724.99267501  759.71783132
  728.04285601  684.04285601  782.04285601  716.04285601  716.04285601
  940.04285601  940.04285601  805.96643269  805.96643269  989.89198391
  900.96610359  906.96610359  931.96610359  862.96610359  887.96610359
  870.99102955  835.34098018  782.21569223 1026.21569223 1026.21569223
 1026.21569223 1026.21569223 1026.21569223 1026.21569223 1026.21569223
 1026.21569223 1168.21569223 1168.21569223 1168.21569223 1168.21569223
  741.687969    736.71256586  741.98642227  792.18517172  687.86014704
  630.51085459  589.83620836  591.43607672  664.03759054  655.73782091
  689.18780445  644.86212159  699.96248359  698.96248359  690.21240132
  607.53643872  655.7614305   699.91263168  706.78800191  698.31309241
  682.88803482  681.21273041  720.96248359  720.43838036  707.96314177
  745.33801836  774.71388223  693.96314177  717.96314177  732.41246714
  704.96314177  734.46363541  697.41345441  642.21371768  658.21371768
  684.73847909  659.28783736  670.66205577  706.13663618  711.08678427
  722.51085459  739.43607672  733.4600154   727.26027868  788.96017995
  802.63449709  861.33439836  725.08448063  792.45968631  838.08349336
  865.20878131  797.95985086  805.95919268  848.56037741  700.96017995
  751.23469454  647.83357563  652.95853449  824.48428318  875.10907749
  821.00871549  768.90835349  755.20812313  690.05790922  769.95787631
  750.95787631  799.95754722  678.4563954   652.70565494  552.45474994
  689.45540813  696.67974172  698.70433858  741.32979108  733.57970881
  768.45507904  744.2556714   833.55577013  864.95557267  792.33012017
  884.62988981  877.98016954  910.10479931  895.65448667  875.87914935
  907.62890253  885.30256149  899.8273229   877.80272603  895.07724062
  889.5026273   857.75089958  886.40061985  970.6728308   801.94602902
  857.94504175  765.54655557  785.24908957  929.9506363   827.25040594
  772.9778659   739.25369685  754.67908353  655.20516131  630.00509549
  608.83193017  580.20647767  441.35438794  732.20384494  492.95392722
  581.40489803  509.95392722  550.95425631  660.45573722  733.20581949
  697.45540813  577.3291329   521.20351585  556.30420694  732.15563849
  728.20483222  705.35504613  701.98115681  682.10644476  725.58135426
  700.20614858  692.40522713  656.75484867  654.70499676  661.9545854
  648.70433858  622.80437149  660.67941263  651.95392722  534.47770135
  503.85290703  394.95228176  462.57740517  462.57740517  330.95096539
  472.80140967  932.00147549  833.9506363   912.22613817  895.82600653
 1017.70137676  998.87618753  997.35076794 1036.40160712 1105.70170585
 1045.77516735  949.19956676  726.94964903  976.7036804   982.95261085
  980.95261085  915.95261085  827.95228176  809.62758617  928.62758617
  883.62758617  843.62758617  835.95261085  763.4527754   673.00377912
  629.95425631  676.07888608  718.27862281  702.20285767  690.72794817
  761.15399303  695.87816208  727.32748744  821.00246276  787.70335131
  810.4524463   732.45145903  782.95162358  862.95162358  867.20187039
 1041.20187039 1026.20187039 1066.20187039 1066.20187039  966.20187039
 1137.57707608 1270.4524463  1428.32715835 1395.90275894 1368.27829371
 1410.0280469  1329.4025944  1313.42752035 1328.32682926 1370.2015413
 1345.2015413  1323.00279185 1184.20285767 1221.4527754  1246.20187039
 1065.55215012 1169.45211721 1076.27796462  897.78010372  695.20483222
  701.65547394  714.95557267  653.45705358  795.70762949  279.83193017
  559.88211117  462.9582054   659.45869904  509.45869904  599.45869904
  629.45869904  759.96050904  740.21174313 1002.46297723  583.4600154
  691.96116722  724.13696527  749.01200641  740.71256586  682.336702
  726.23699818  668.91164441  684.93591218  687.26060777  631.86146341
  570.71157859  444.43673491  577.71059131  705.83620836  549.96017995
  655.46067359  675.46067359  441.40818895  424.95886359  463.70927495
  466.70927495  466.70927495  466.70927495  931.25994959  930.81029513
  929.26060777  982.76077231  955.96083813  964.58563245  981.83555018
  923.8116115   904.83620836  898.11105204  875.41115077  907.46133177
  929.21108495  925.46067359  939.4603445   884.4603445   785.31045968
  859.33505654  861.48494136  852.95985086  939.31013059  853.23469454
  894.03528691  927.73453     919.95952177  910.50953822  930.50986731
  921.2094395   903.2592914   902.45968631 1253.45968631  913.33374018
  897.45804086  928.45836995 1022.9582054  1046.45804086  856.75813958
  902.45968631  998.48395409  939.68467809  969.7342009   989.95886359
  990.63449709  965.58398699  909.08480972  872.58497427  854.20779404
  877.45804086  866.45771177  871.00641185  889.08151881  904.95557267
  948.78109099  783.75715231 1015.75781049  902.50756367  990.70861677
  996.13367436  989.15827122 1004.28355918  976.08283517  955.98280227
  919.2323909   935.45738267  950.25764595  847.0316669   948.13137072
  976.10677386 1004.70664222 1151.80799149  969.48099226]